2.399999999999999911e-01
2.399999999999999911e-01
2.099999999999999922e-01
2.099999999999999922e-01
9.299999999999999378e-01
5.999999999999999778e-01
1.799999999999999933e-01
1.199999999999999956e-01
2.099999999999999922e-01
2.040000000000000036e+00
5.999999999999999778e-02
2.099999999999999922e-01
4.499999999999999556e-01
2.999999999999999889e-01
7.800000000000000266e-01
3.900000000000000133e-01
8.999999999999999667e-02
6.599999999999999201e-01
1.439999999999999947e+00
2.699999999999999734e+00
7.199999999999999734e-01
2.100000000000000089e+00
1.619999999999999885e+00
5.400000000000000355e-01
5.999999999999999778e-02
3.900000000000000133e-01
5.999999999999999778e-01
2.700000000000000178e-01
8.999999999999999112e-01
7.199999999999999734e-01
2.099999999999999922e-01
2.009999999999999787e+00
5.100000000000000089e-01
3.000000000000000000e+00
2.939999999999999947e+00
1.799999999999999933e-01
1.469999999999999973e+00
1.139999999999999902e+00
1.080000000000000071e+00
7.800000000000000266e-01
7.199999999999999734e-01
7.500000000000000000e-01
1.080000000000000071e+00
2.999999999999999889e-02
1.560000000000000053e+00
2.999999999999999889e-02
1.679999999999999938e+00
7.500000000000000000e-01
9.899999999999999911e-01
2.009999999999999787e+00
6.899999999999999467e-01
2.399999999999999911e-01
2.999999999999999889e-02
8.699999999999999956e-01
5.999999999999999778e-02
2.850000000000000089e+00
2.729999999999999982e+00
1.919999999999999929e+00
1.829999999999999849e+00
1.319999999999999840e+00
7.500000000000000000e-01
2.099999999999999922e-01
8.999999999999999667e-02
6.300000000000000044e-01
2.850000000000000089e+00
2.399999999999999911e-01
1.589999999999999858e+00
5.999999999999999778e-01
1.949999999999999956e+00
7.199999999999999734e-01
1.859999999999999876e+00
1.500000000000000000e+00
2.580000000000000071e+00
9.599999999999999645e-01
2.939999999999999947e+00
2.549999999999999822e+00
7.500000000000000000e-01
9.299999999999999378e-01
1.109999999999999876e+00
1.739999999999999991e+00
2.250000000000000000e+00
2.429999999999999716e+00
0.000000000000000000e+00
1.199999999999999956e+00
1.260000000000000009e+00
2.129999999999999893e+00
9.299999999999999378e-01
6.599999999999999201e-01
2.999999999999999889e-02
1.799999999999999822e+00
2.669999999999999929e+00
1.260000000000000009e+00
1.199999999999999956e+00
2.100000000000000089e+00
2.250000000000000000e+00
1.919999999999999929e+00
2.669999999999999929e+00
1.439999999999999947e+00
1.020000000000000018e+00
1.260000000000000009e+00
1.649999999999999911e+00
2.580000000000000071e+00
2.520000000000000018e+00
1.409999999999999920e+00
2.219999999999999751e+00
1.919999999999999929e+00
1.169999999999999929e+00
1.229999999999999982e+00
1.409999999999999920e+00
7.199999999999999734e-01
1.949999999999999956e+00
2.429999999999999716e+00
1.859999999999999876e+00
2.129999999999999893e+00
1.409999999999999920e+00
2.520000000000000018e+00
1.859999999999999876e+00
3.000000000000000000e+00
2.040000000000000036e+00
2.279999999999999805e+00
1.379999999999999893e+00
8.999999999999999667e-02
1.260000000000000009e+00
1.949999999999999956e+00
2.429999999999999716e+00
2.399999999999999911e+00
2.879999999999999893e+00
1.949999999999999956e+00
1.949999999999999956e+00
2.489999999999999769e+00
2.580000000000000071e+00
1.829999999999999849e+00
2.489999999999999769e+00
1.439999999999999947e+00
2.669999999999999929e+00
1.649999999999999911e+00
2.160000000000000142e+00
8.699999999999999956e-01
2.939999999999999947e+00
1.439999999999999947e+00
8.699999999999999956e-01
1.379999999999999893e+00
1.919999999999999929e+00
9.599999999999999645e-01
7.199999999999999734e-01
1.409999999999999920e+00
2.189999999999999947e+00
1.439999999999999947e+00
1.199999999999999956e+00
2.699999999999999734e+00
2.639999999999999680e+00
2.160000000000000142e+00
2.819999999999999840e+00
1.260000000000000009e+00
2.549999999999999822e+00
1.080000000000000071e+00
6.899999999999999467e-01
2.009999999999999787e+00
2.729999999999999982e+00
2.580000000000000071e+00
2.549999999999999822e+00
1.290000000000000036e+00
2.609999999999999876e+00
1.439999999999999947e+00
2.189999999999999947e+00
1.020000000000000018e+00
1.469999999999999973e+00
3.000000000000000000e+00
1.679999999999999938e+00
1.560000000000000053e+00
1.649999999999999911e+00
2.310000000000000053e+00
1.469999999999999973e+00
2.759999999999999787e+00
2.160000000000000142e+00
2.909999999999999698e+00
1.469999999999999973e+00
1.500000000000000000e+00
2.639999999999999680e+00
2.489999999999999769e+00
1.290000000000000036e+00
1.679999999999999938e+00
1.260000000000000009e+00
2.009999999999999787e+00
3.000000000000000000e+00
2.790000000000000036e+00
1.409999999999999920e+00
1.859999999999999876e+00
1.770000000000000018e+00
2.459999999999999964e+00
2.520000000000000018e+00
1.109999999999999876e+00
8.699999999999999956e-01
1.229999999999999982e+00
2.850000000000000089e+00
2.549999999999999822e+00
1.439999999999999947e+00
2.459999999999999964e+00
1.319999999999999840e+00
1.229999999999999982e+00
1.020000000000000018e+00
1.260000000000000009e+00
2.399999999999999911e+00
3.000000000000000000e+00
1.169999999999999929e+00
1.109999999999999876e+00
1.829999999999999849e+00
1.919999999999999929e+00
1.859999999999999876e+00
2.339999999999999858e+00
1.739999999999999991e+00
2.100000000000000089e+00
1.469999999999999973e+00
1.409999999999999920e+00
2.459999999999999964e+00
1.199999999999999956e+00
1.889999999999999902e+00
1.260000000000000009e+00
2.399999999999999911e+00
1.199999999999999956e+00
1.469999999999999973e+00
1.109999999999999876e+00
1.469999999999999973e+00
1.469999999999999973e+00
1.469999999999999973e+00
2.100000000000000089e+00
1.679999999999999938e+00
2.160000000000000142e+00
2.850000000000000089e+00
1.979999999999999982e+00
2.639999999999999680e+00
2.909999999999999698e+00
2.100000000000000089e+00
2.009999999999999787e+00
1.020000000000000018e+00
1.739999999999999991e+00
2.219999999999999751e+00
2.520000000000000018e+00
1.469999999999999973e+00
2.729999999999999982e+00
3.000000000000000000e+00
1.889999999999999902e+00
2.580000000000000071e+00
2.129999999999999893e+00
2.939999999999999947e+00
1.050000000000000044e+00
6.300000000000000044e-01
1.319999999999999840e+00
1.560000000000000053e+00
2.639999999999999680e+00
2.699999999999999734e+00
2.399999999999999911e+00
2.879999999999999893e+00
1.919999999999999929e+00
1.260000000000000009e+00
2.009999999999999787e+00
2.399999999999999911e+00
1.260000000000000009e+00
1.260000000000000009e+00
2.100000000000000089e+00
2.129999999999999893e+00
2.819999999999999840e+00
1.229999999999999982e+00
1.020000000000000018e+00
2.100000000000000089e+00
2.609999999999999876e+00
2.819999999999999840e+00
2.009999999999999787e+00
2.699999999999999734e+00
8.699999999999999956e-01
9.899999999999999911e-01
2.279999999999999805e+00
2.040000000000000036e+00
1.169999999999999929e+00
7.199999999999999734e-01
2.669999999999999929e+00
1.889999999999999902e+00
2.969999999999999751e+00
1.260000000000000009e+00
9.899999999999999911e-01
1.409999999999999920e+00
3.000000000000000000e+00
1.020000000000000018e+00
1.619999999999999885e+00
1.829999999999999849e+00
1.319999999999999840e+00
1.109999999999999876e+00
3.900000000000000133e-01
1.290000000000000036e+00
1.290000000000000036e+00
1.500000000000000000e+00
1.619999999999999885e+00
1.679999999999999938e+00
2.939999999999999947e+00
2.879999999999999893e+00
2.790000000000000036e+00
9.899999999999999911e-01
1.589999999999999858e+00
1.199999999999999956e+00
1.589999999999999858e+00
2.850000000000000089e+00
1.169999999999999929e+00
2.100000000000000089e+00
1.859999999999999876e+00
2.399999999999999911e+00
8.699999999999999956e-01
2.009999999999999787e+00
2.009999999999999787e+00
2.699999999999999734e+00
1.439999999999999947e+00
1.589999999999999858e+00
1.979999999999999982e+00
2.580000000000000071e+00
1.260000000000000009e+00
1.260000000000000009e+00
1.979999999999999982e+00
1.829999999999999849e+00
1.619999999999999885e+00
2.939999999999999947e+00
2.819999999999999840e+00
2.759999999999999787e+00
2.850000000000000089e+00
2.009999999999999787e+00
1.829999999999999849e+00
2.879999999999999893e+00
1.589999999999999858e+00
8.699999999999999956e-01
3.900000000000000133e-01
2.909999999999999698e+00
1.020000000000000018e+00
1.739999999999999991e+00
1.169999999999999929e+00
7.800000000000000266e-01
3.000000000000000000e+00
1.379999999999999893e+00
1.260000000000000009e+00
8.999999999999999112e-01
2.129999999999999893e+00
1.589999999999999858e+00
1.469999999999999973e+00
1.949999999999999956e+00
1.139999999999999902e+00
1.050000000000000044e+00
1.290000000000000036e+00
2.100000000000000089e+00
2.009999999999999787e+00
1.829999999999999849e+00
1.589999999999999858e+00
2.669999999999999929e+00
2.909999999999999698e+00
2.909999999999999698e+00
1.080000000000000071e+00
2.850000000000000089e+00
9.299999999999999378e-01
1.319999999999999840e+00
9.899999999999999911e-01
2.189999999999999947e+00
2.129999999999999893e+00
9.299999999999999378e-01
7.500000000000000000e-01
2.879999999999999893e+00
7.800000000000000266e-01
1.319999999999999840e+00
2.129999999999999893e+00
2.160000000000000142e+00
9.899999999999999911e-01
6.899999999999999467e-01
2.459999999999999964e+00
1.799999999999999822e+00
2.850000000000000089e+00
2.609999999999999876e+00
3.000000000000000000e+00
2.969999999999999751e+00
2.759999999999999787e+00
1.799999999999999822e+00
2.069999999999999840e+00
1.530000000000000027e+00
1.109999999999999876e+00
1.889999999999999902e+00
1.770000000000000018e+00
2.489999999999999769e+00
2.009999999999999787e+00
2.009999999999999787e+00
1.409999999999999920e+00
2.310000000000000053e+00
1.949999999999999956e+00
2.250000000000000000e+00
8.699999999999999956e-01
2.639999999999999680e+00
1.439999999999999947e+00
1.050000000000000044e+00
2.459999999999999964e+00
2.459999999999999964e+00
2.969999999999999751e+00
1.829999999999999849e+00
2.370000000000000107e+00
1.469999999999999973e+00
1.020000000000000018e+00
1.080000000000000071e+00
9.299999999999999378e-01
3.000000000000000000e+00
1.649999999999999911e+00
2.790000000000000036e+00
2.040000000000000036e+00
2.969999999999999751e+00
2.429999999999999716e+00
7.500000000000000000e-01
2.729999999999999982e+00
1.109999999999999876e+00
2.069999999999999840e+00
2.819999999999999840e+00
1.469999999999999973e+00
1.709999999999999964e+00
1.169999999999999929e+00
2.729999999999999982e+00
1.229999999999999982e+00
2.549999999999999822e+00
1.319999999999999840e+00
1.619999999999999885e+00
1.290000000000000036e+00
1.050000000000000044e+00
2.850000000000000089e+00
2.069999999999999840e+00
2.129999999999999893e+00
1.319999999999999840e+00
2.939999999999999947e+00
3.000000000000000000e+00
1.979999999999999982e+00
2.669999999999999929e+00
1.319999999999999840e+00
8.999999999999999112e-01
2.009999999999999787e+00
1.319999999999999840e+00
1.080000000000000071e+00
1.290000000000000036e+00
2.520000000000000018e+00
2.909999999999999698e+00
1.409999999999999920e+00
2.819999999999999840e+00
2.729999999999999982e+00
1.379999999999999893e+00
1.560000000000000053e+00
1.589999999999999858e+00
1.859999999999999876e+00
8.699999999999999956e-01
2.129999999999999893e+00
1.260000000000000009e+00
2.129999999999999893e+00
1.439999999999999947e+00
1.439999999999999947e+00
1.080000000000000071e+00
2.850000000000000089e+00
1.319999999999999840e+00
9.899999999999999911e-01
1.979999999999999982e+00
1.679999999999999938e+00
1.499999999999999944e-01
1.469999999999999973e+00
3.000000000000000000e+00
2.819999999999999840e+00
1.050000000000000044e+00
1.829999999999999849e+00
2.909999999999999698e+00
2.100000000000000089e+00
2.129999999999999893e+00
1.260000000000000009e+00
2.729999999999999982e+00
2.969999999999999751e+00
1.050000000000000044e+00
8.699999999999999956e-01
1.949999999999999956e+00
1.949999999999999956e+00
2.279999999999999805e+00
3.599999999999999867e-01
2.549999999999999822e+00
1.260000000000000009e+00
1.260000000000000009e+00
1.530000000000000027e+00
3.000000000000000000e+00
1.109999999999999876e+00
